+----------------------+
| DECENT PLASMA VALUES |
+----------------------+
|    43  15   8  24    |
|    15  42  47  23    |
|    35  29  31  27    |
|    10  26  19  41    |
+----------------------+

DECENT PLASMA COLORS

16-color
[[232, 16, 53, 55, 56, 89, 90, 91, 125, 126, 163, 199, 198, 197, 196, 39, 81, 231][::-1],
 [195, 106, 89, 176, 162, 180, 201, 233, 124, 252, 104, 181, 2, 182, 4, 170]

10-color
[[232, 16, 53, 55, 89, 91, 126, 163, 197, 196][::-1]]

8-color
[[150, 93, 11, 38, 181, 250, 143, 12],
 [133, 77, 226, 23, 20, 220, 208, 88]]
